Set 1:
Points:
[[-55.87092209 -66.90726471 425.03970337]
 [-54.50564957 -66.22435379 413.86239624]
 [-53.20675659 -65.82345581 403.22836304]
 [-51.96775055 -65.19697571 393.08023071]
 [-50.78824997 -64.60125732 383.42297363]
 [-49.43425369 -64.03410721 374.23840332]
 [-47.7342186  -62.89097214 361.17077637]
 [-46.73651886 -62.17190552 352.94546509]
 [-45.5692749  -61.69930267 345.09667969]
 [-44.1126709  -60.50429153 333.89047241]
 [-42.23914719 -59.08844566 319.993927  ]
 [-41.26078796 -58.12844658 313.46716309]
 [-39.34033394 -56.44203568 298.14859009]
 [-38.90589523 -56.01402664 295.28106689]
 [-37.41443634 -54.54914474 284.22012329]
 [-36.02593994 -53.18558502 273.93060303]
 [-34.37540817 -51.56397247 262.00228882]
 [-33.18239784 -50.07187462 253.15359497]
 [-31.75291061 -48.52592468 242.83331299]
 [-30.42854118 -46.94538498 233.27432251]
 [-28.93272018 -45.22336006 222.68264771]
 [-27.80291176 -43.59902859 214.52456665]
 [-26.74703503 -41.94893932 206.90158081]
 [-25.66793346 -40.20763874 198.36573792]
 [-25.67222118 -39.31786633 198.41647339]]
Impact guess: (3.3079848992491585, 13.738189571742137)

Set 2:
Points:
[[-55.86865997 -67.16694641 425.0171814 ]
 [-55.0434227  -67.45855713 419.30764771]
 [-52.94876862 -66.80924606 403.13256836]
 [-52.19827271 -67.09111786 397.9598999 ]
 [-50.30229568 -66.24925613 383.30123901]
 [-48.95490265 -66.10508347 374.07589722]
 [-47.26823044 -65.3402977  360.99050903]
 [-46.0589447  -65.00411224 352.74343872]
 [-44.55223083 -64.31519699 341.02264404]
 [-43.25601196 -63.81074524 333.64007568]
 [-41.90926933 -62.99105072 323.08724976]
 [-40.44599152 -62.21894455 313.15844727]
 [-39.06483841 -61.49028587 303.78686523]
 [-37.52286911 -60.33529854 292.07617188]
 [-36.08925438 -59.26198006 281.1925354 ]
 [-34.58242416 -58.26146507 271.0557251 ]
 [-33.51889038 -57.38835335 263.90634155]
 [-32.34000015 -56.34293175 254.89321899]
 [-30.77452087 -55.00883675 244.40765381]
 [-29.32626534 -53.62519073 234.71652222]
 [-28.24339867 -52.50359344 227.47740173]
 [-26.86606312 -51.14339638 217.32324219]
 [-26.52715969 -50.16629601 214.15313721]]
Impact guess: (5.7211181734381675, -1.6736342898674834)

Set 3:
Points:
[[-56.71066666 -67.65886307 430.82852173]
 [-55.04572296 -67.20217514 419.33044434]
 [-53.46299362 -67.0200119  408.39993286]
 [-52.20055008 -66.84709549 397.98236084]
 [-50.7591095  -66.68190002 388.06692505]
 [-49.38618088 -66.29159164 378.62918091]
 [-47.6682663  -65.51391602 365.26638794]
 [-47.04374313 -65.56274796 360.98373413]
 [-44.90278244 -64.46902084 344.86495972]
 [-43.79431915 -63.95605087 337.3114624 ]
 [-42.21516418 -63.32794571 326.55352783]
 [-40.44675636 -62.0228653  313.16360474]
 [-39.32730293 -61.60158539 306.88006592]
 [-37.76290321 -60.43341255 294.96420288]
 [-36.52740479 -59.79230499 286.58618164]
 [-34.7811985  -58.33537292 273.56985474]
 [-33.7030468  -57.45212746 266.28781128]
 [-32.34823608 -56.23404694 257.14727783]
 [-30.77018547 -55.05148697 246.49807739]
 [-29.59522247 -53.83612442 238.57543945]
 [-28.22035789 -52.52467346 229.30131531]
 [-27.19170475 -51.31525421 222.3691864 ]
 [-26.59793949 -50.17389107 217.4307251 ]]
Impact guess: (6.8595418141682565, 0.17659730075290447)

Set 4:
Points:
[[-57.30794144 -67.89447784 436.80407715]
 [-55.04799652 -66.94579315 419.35308838]
 [-53.71540451 -66.77045441 408.40942383]
 [-52.94876862 -66.80924606 403.13256836]
 [-51.71571732 -66.40221024 392.98544312]
 [-49.85810852 -65.59369659 378.66604614]
 [-48.53630066 -65.23659515 369.65167236]
 [-47.4948349  -64.89528275 361.01806641]
 [-45.91230392 -63.97961807 348.80429077]
 [-45.33470535 -63.82939911 344.89611816]
 [-43.35120773 -62.64518738 330.09661865]
 [-42.01670265 -61.66908646 319.769104  ]
 [-41.04039764 -61.04990578 313.22616577]
 [-39.64447594 -60.1646843  303.87106323]
 [-38.51004601 -59.14337158 295.02801514]
 [-37.03077126 -57.92465973 283.96047974]
 [-35.65178299 -56.78866196 273.64282227]
 [-34.36482239 -55.56135178 264.01712036]
 [-33.00102615 -54.25216103 255.03320312]
 [-31.87618446 -53.0230217  246.58544922]
 [-30.37735748 -51.55262375 236.75094604]
 [-29.40312386 -50.18989754 229.39888   ]
 [-27.97035027 -48.49610138 219.1098175 ]
 [-26.88796997 -47.05434036 211.18263245]
 [-26.10032654 -45.67892075 205.22221375]
 [-25.5709877  -44.21017456 200.97848511]]
Impact guess: (4.365158622496299, 8.75550883916524)

Set 5:
Points:
[[-57.30794144 -67.62602997 436.80407715]
 [-55.86637878 -67.42662811 424.9944458 ]
 [-54.24330902 -67.23652267 413.78546143]
 [-52.94648361 -67.05623627 403.11004639]
 [-51.7111702  -66.88441467 392.94055176]
 [-50.29776382 -66.72023392 383.25662231]
 [-49.1807518  -66.33361435 374.01974487]
 [-47.48599243 -65.78538895 360.93136597]
 [-46.27192307 -65.43955612 352.68466187]
 [-44.75998688 -64.73858261 340.98156738]
 [-43.66476059 -64.0153923  333.57104492]
 [-42.61366653 -63.73094559 326.4654541 ]
 [-40.831007   -62.41146469 313.0914917 ]
 [-39.18101501 -61.38011932 300.71783447]
 [-38.30769539 -60.98416328 294.85998535]
 [-36.83382034 -59.87839508 283.7817688 ]
 [-35.46169662 -58.67612457 273.47195435]
 [-34.17778969 -57.71866798 263.82070923]
 [-32.97878456 -56.50082397 254.81478882]
 [-31.69761658 -55.35777855 246.36795044]
 [-30.49520493 -54.13313484 238.45016479]
 [-28.96273804 -52.64448738 227.39279175]
 [-27.80578804 -51.42762566 218.87315369]
 [-26.72835636 -50.0222435  210.94500732]
 [-25.9444046  -48.8328228  204.98710632]
 [-25.63641548 -47.67622375 202.15464783]]
Impact guess: (4.0090555677961515, 1.878780751825826)

Set 6:
Points:
[[-57.3124733  -67.36137009 436.84942627]
 [-56.44496155 -67.65620041 430.81695557]
 [-54.24560165 -66.98335648 413.80819702]
 [-52.70395279 -66.56179047 403.16796875]
 [-52.69712067 -67.30275345 403.10031128]
 [-50.7613678  -66.44363403 388.08920288]
 [-49.38798523 -66.29334641 378.64822388]
 [-48.07720947 -65.69136047 369.63754272]
 [-46.43938828 -64.95023727 356.85873413]
 [-45.26284409 -64.4106102  348.80908203]
 [-43.5880661  -63.74743271 337.34753418]
 [-42.01793671 -62.7192421  326.61413574]
 [-41.02053452 -62.26596832 319.78997803]
 [-39.59866905 -61.32932663 310.07025146]
 [-37.82572937 -60.16211128 297.95623779]
 [-36.75956726 -59.1583271  289.42044067]
 [-35.1905899  -58.13555336 278.73779297]
 [-33.89789391 -56.84326744 268.78619385]
 [-32.69701195 -55.84793854 261.7795105 ]
 [-30.93077087 -54.15180206 248.68719482]
 [-29.74191666 -52.95440674 240.63729858]
 [-28.47623062 -51.67994308 233.08247375]
 [-27.56867981 -50.47676659 225.92965698]
 [-26.81931973 -49.19716835 220.86958313]]
Impact guess: (6.991353671660493, 6.019901541825607)

Set 7:
Points:
[[-56.44265747 -67.91925812 430.79397583]
 [-54.7844696  -67.71429443 419.29650879]
 [-53.20586777 -67.76958084 408.34371948]
 [-51.70510483 -67.82407379 397.93728638]
 [-50.27524185 -67.63601303 388.02224731]
 [-48.9092598  -67.45483017 378.54318237]
 [-47.60641861 -67.28361893 369.50848389]
 [-46.36005783 -67.34428024 360.86520386]
 [-44.59500885 -66.56456757 348.63415527]
 [-43.47685432 -66.42458344 340.87927246]
 [-41.89212418 -65.50949097 329.91003418]
 [-40.3974781  -65.04689026 319.55813599]
 [-38.98895073 -64.22073364 309.79663086]
 [-37.66002083 -63.63239288 300.59832764]
 [-35.99872589 -62.7747612  289.09570312]
 [-34.83072472 -61.90547562 281.0112915 ]
 [-33.36508751 -60.98776436 270.8739624 ]
 [-32.16401291 -60.21415901 263.72497559]
 [-30.55351639 -59.00556946 252.54025269]
 [-29.35473633 -57.94976234 244.21487427]
 [-28.07829857 -56.95905495 236.41101074]
 [-27.54402924 -56.26309967 232.69433594]]
Impact guess: (8.062829933122858, -5.486321829674122)

Set 8:
Points:
[[-57.30332947 -68.15908432 436.75802612]
 [-55.0434227  -67.45855713 419.30764771]
 [-54.2387085  -67.7428894  413.73986816]
 [-52.19625854 -67.08925247 397.93908691]
 [-51.46317291 -67.60736847 392.8861084 ]
 [-49.614254   -66.75737    378.57006836]
 [-48.29553604 -66.6016655  369.5345459 ]
 [-47.25697708 -66.45292664 360.88037109]
 [-45.4647522  -65.70306778 348.66500854]
 [-44.889534   -65.74786758 344.73565674]
 [-43.44921494 -65.05024338 333.4977417 ]
 [-41.4000473  -63.85342026 319.59692383]
 [-39.96519279 -63.06402206 309.86181641]
 [-39.05267525 -62.62550735 303.66860962]
 [-37.51023865 -61.6132164  291.95593262]
 [-36.29308891 -60.76784134 283.73629761]
 [-34.93758965 -59.70715714 273.41183472]
 [-33.50647926 -58.54964066 263.78549194]
 [-32.00394058 -57.24614334 252.60015869]
 [-30.76225471 -56.24571419 244.290802  ]
 [-29.31402397 -54.815588   234.59674072]
 [-28.23178482 -53.66001129 227.36355591]
 [-27.20892715 -52.56791687 220.52252197]
 [-26.61845207 -51.54699516 215.65328979]]
Impact guess: (6.468604667496991, -0.8868816335136853)

Set 9:
Points:
[[-56.44488525 -67.92116547 430.81640625]
 [-54.24560165 -66.98335648 413.80819702]
 [-52.94852066 -67.05808258 403.13088989]
 [-52.19827271 -67.09111786 397.9598999 ]
 [-50.30192566 -66.48654556 383.29873657]
 [-49.18301392 -66.10348892 374.04199219]
 [-47.89080429 -65.7390213  365.22961426]
 [-46.27633667 -65.00408554 352.72784424]
 [-45.11338043 -64.68207169 344.82806396]
 [-43.46222687 -63.81058884 333.62451172]
 [-42.1078968  -62.98927689 323.0557251 ]
 [-40.64019585 -62.21862411 313.14260864]
 [-39.44226074 -61.48949814 303.7550354 ]
 [-38.12808418 -60.61657333 294.91409302]
 [-36.65950203 -59.52256012 283.82177734]
 [-35.12151718 -58.50579262 273.52160645]
 [-33.85056686 -57.38818932 263.88659668]
 [-32.33429909 -56.13027763 252.6953125 ]
 [-31.08416557 -54.85296822 244.3934021 ]
 [-29.62368393 -53.62460709 234.69683838]
 [-28.15029716 -52.03526688 223.95852661]
 [-27.14395809 -51.00336456 217.30970764]
 [-26.42761421 -49.89188194 212.58488464]
 [-26.10212803 -48.81686974 209.54942322]]
Impact guess: (6.09145683447681, -0.2868387201429938)

Set 10:
Points:
[[-56.44496155 -67.65620041 430.81695557]
 [-54.78678894 -67.45792007 419.31945801]
 [-53.20816803 -67.51952744 408.36651611]
 [-51.95190811 -67.33468628 397.95025635]
 [-50.5163002  -67.1580658  388.03530884]
 [-49.14664078 -66.98961639 378.57556152]
 [-47.83849716 -66.82881165 369.54043579]
 [-46.20614624 -66.27077103 356.74240112]
 [-45.03070068 -65.91677856 348.65563965]
 [-43.69586563 -65.79351425 340.94848633]
 [-42.10305786 -64.89587402 329.96090698]
 [-40.60323143 -64.25123596 319.61465454]
 [-39.19125175 -63.45075226 309.88024902]
 [-37.85772705 -62.69485855 300.68670654]
 [-36.19150162 -61.68990707 289.20126343]
 [-35.01938438 -60.85017395 281.12585449]
 [-33.73559761 -60.05366135 273.47421265]
 [-31.8432579  -58.57531929 259.24368286]
 [-30.72607231 -57.89034462 252.66055298]
 [-29.23371315 -56.50807571 242.34158325]
 [-28.24318886 -55.60909271 236.54602051]
 [-27.44371033 -54.60208893 231.00576782]]
Impact guess: (9.861363143617382, -2.2761909903358033)

Set 11:
Points:
[[-56.44952774 -67.13010025 430.86251831]
 [-55.6041069  -67.68562698 424.98318481]
 [-53.98532486 -67.74227905 413.75186157]
 [-53.2035141  -68.01961136 408.32046509]
 [-51.70079803 -68.06621933 397.89373779]
 [-50.27052307 -68.11255264 387.97598267]
 [-47.8367691  -66.827034   369.52185059]
 [-46.58546829 -66.89763641 360.87911987]
 [-45.38848877 -66.74582672 352.61138916]
 [-44.03121948 -66.38726807 344.7272644 ]
 [-42.40882492 -65.87714767 333.48446655]
 [-41.17901993 -65.55417633 326.37701416]
 [-39.25466156 -64.55634689 312.9989624 ]
 [-37.9047184  -63.95166016 303.61120605]
 [-36.86124229 -63.50541306 297.65948486]
 [-35.24408531 -62.47961807 286.37103271]
 [-33.37928009 -61.25530243 273.36712646]
 [-31.99635124 -60.38049507 263.71835327]
 [-30.85685349 -59.64019012 256.91210938]
 [-29.47210884 -58.70672798 248.32519531]
 [-28.17228508 -57.67738152 240.27099609]
 [-28.02316284 -57.37254524 240.30703735]]
Impact guess: (12.176740171754469, -6.039102045222567)

Set 12:
Points:
[[-56.44496155 -67.65620041 430.81695557]
 [-54.78659439 -67.71617126 419.31814575]
 [-53.45838547 -67.52009201 408.3543396 ]
 [-51.95190811 -67.33468628 397.95025635]
 [-50.75220108 -67.39668274 387.9989624 ]
 [-49.37702179 -67.22269058 378.53921509]
 [-47.43219376 -66.63878632 365.17044067]
 [-45.83035278 -66.09276199 352.64950562]
 [-45.02999878 -66.13389206 348.65081787]
 [-43.56839752 -65.62607574 337.15582275]
 [-41.99585915 -64.9479866  326.40136719]
 [-40.51444244 -64.10985184 316.26391602]
 [-39.11610985 -63.5118103  306.69488525]
 [-37.79572868 -62.75967026 297.65921021]
 [-36.54720879 -62.04931259 289.12097168]
 [-35.3648243  -61.37744522 281.04067993]
 [-33.6945591  -60.04754829 268.45657349]
 [-32.49511528 -59.4700222  261.42938232]
 [-31.04314423 -58.13991928 250.41500854]
 [-29.54914284 -56.91161156 240.25091553]
 [-28.43435097 -55.81635666 232.67236328]
 [-27.38270187 -54.78336525 225.52301025]
 [-26.88197041 -54.00551605 222.12785339]]
Impact guess: (7.4594744907874055, -5.497993309742018)

Set 13:
Points:
[[-56.44265747 -67.91925812 430.79397583]
 [-54.7844696  -67.71429443 419.29650879]
 [-52.70141983 -67.0575943  403.14370728]
 [-51.95386887 -67.33652115 397.97061157]
 [-50.51859283 -66.91980362 388.05786133]
 [-48.72086334 -66.33323288 374.0489502 ]
 [-47.43730927 -65.96205902 365.21887207]
 [-46.21067429 -65.83057404 356.78665161]
 [-44.6856041  -64.89534378 344.8374939 ]
 [-43.0454998  -64.22409821 333.61361694]
 [-41.80537224 -63.73172379 326.52697754]
 [-40.33096313 -62.93069839 316.4022522 ]
 [-38.68325615 -61.86935806 303.77804565]
 [-37.81307411 -61.27523613 297.83023071]
 [-36.38570595 -60.42431641 289.32119751]
 [-35.00193214 -59.53203583 278.61029053]
 [-33.54662704 -58.19264793 268.66845703]
 [-32.01846695 -56.88286972 257.11010742]
 [-30.75789261 -55.72043228 248.53790283]
 [-29.28710747 -54.44068146 238.53372192]
 [-28.18970299 -53.27922821 231.07984924]
 [-27.2661047  -52.20029831 225.7961731 ]
 [-27.01924419 -51.32803345 224.12901306]]
Impact guess: (7.346922152749868, 1.0026892538578154)

