R:
[[ 9.99986564e-01  5.15328536e-04  5.15808874e-03]
 [-5.91720761e-04  9.99890008e-01  1.48196281e-02]
 [-5.14988441e-03 -1.48224812e-02  9.99876879e-01]]

T:
[[-2.02604037e+01]
 [-1.70909260e-03]
 [ 2.43141370e+00]]

E:
[[ 1.44751959e-03 -2.43112093e+00 -3.77415290e-02]
 [ 2.32704229e+00 -2.99056475e-01  2.02704507e+01]
 [ 1.36975711e-02 -2.02581743e+01 -3.00242833e-01]]

F:
[[ 3.48011839e-08 -5.83553784e-05  1.31826965e-02]
 [ 5.58088641e-05 -7.16072305e-06  8.26023665e-01]
 [-1.21457969e-02 -8.31120520e-01  1.00000000e+00]]